55.25633549835886
1.0
20.000000000000007
1.0
-0.0
-0.0
-0.0
-0.0
-0.0
-0.0
-0.0
-0.0
-0.0
-0.0
-0.0
-0.0
-0.0
-0.0
-0.0
-0.0
-0.0
-0.0
-0.0
-0.0
38.9436645016419
1.0
-0.0
-0.0
-0.0
-0.0
-0.0
-0.0
-0.0
-0.0
-0.0
-0.0
-0.0
-0.0
-0.0
-0.0
-0.0
-0.0
30.0
1.0
5.0
1.0
-0.0
-0.0
-0.0
-0.0
-0.0
-0.0
20.0
1.0
-0.0
-0.0
-0.0
-0.0
-0.0
-0.0
0.0
-0.04132231404958677
-0.015760677167726087
-0.04232335381722786
-0.04752012400633381
-0.04834513788548293
-0.053717933963080854
-0.055817258269957995
-0.05689411547340113
-0.05774901323219295
-0.05689411547340113
-0.05316800566547819
0.027294111073451352
-0.05524933529671145
-0.05580233703395812
-0.055918005394950746
-0.058107829470772615
-0.05777271938485624
-0.0602831586535138
-0.05876133746631105
-0.06565058287415174
-0.05319826700663966
-0.055001337351815754
-0.0546712613089726
-0.054429668491049646
-0.05471892468939675
-0.05335497135475749
-0.05361908549657161
-0.05375662424731949
-0.053918194495253376
-0.0
40.0
15.256335498358855
-40.0
2.9070194852297044
14.998700095327829
20.394280419442445
-15.256335498358855
12.856335498358854
-2.907019485229704
-12.856335498358856
2.914543489035456
5.24881149455316
-14.998700095327829
14.998700095327829
-20.394280419442445
-2.914543489035456
7.801299904672182
3.6165062660859357
0.41377051525524067
6.372065934930713
5.105181287533831
-14.998700095327838
-7.801299904672162
-3.6165062660859366
-6.383493733914064
-0.41377051525524067
0.4137705152552407
0.0
-6.3720659349307125
-0.4137705152552388
0.5210011784176753
4.409684363818433
11.47307912012416
-15.417928212174518
0.0
-5.24881149455316
-38.9436645016419
12.088362498202734
8.925114676409963
11.978998821582366
38.9436645016419
-12.088362498202558
5.888362498202559
-8.925114676409963
-5.888362498202559
10.490315636181608
-3.876838461569082
-11.978998821582284
8.478998821582286
-0.5210011784176753
-8.478998821582323
-10.490315636181604
7.290315636181604
-7.29031563618159
-2.2096843638184094
-4.40968436381841
2.20968436381841
-11.473079120124156
-6.026920879875843
15.417928212174518
6.026920879875844
8.555150907949644
3.876838461569093
-2.076838461569094
-8.555150907949669
2.0768384615690794
-2.221687553619409
2.2216875536194722
3.4999999999999996
-5.721687553619471
-3.5
5.721687553619472
1.2783124463803142
4.276800000000059
8.72320000000014
-5.105181287533832
6.383493733914062
-1.2783124463802293
-4.276799999999961
1.8767999999999612
-8.723200000000038
-1.8767999999999614
-7.105427357601002e-15
-2.842170943040401e-14
0.0
5.684341886080802e-14
0.0
3.552713678800501e-15
8.881784197001252e-16
-8.881784197001252e-16
0.0
-2.007283228522283e-13
0.0
7.105427357601002e-15
0.0
8.881784197001252e-16
2.6645352591003757e-15
1.7763568394002505e-15
1.7763568394002505e-15
0.0
8.881784197001252e-16
4.440892098500626e-16
8.881784197001252e-16
7.105427357601002e-15
-1.7763568394002505e-15
8.881784197001252e-16
0.0
0.0
-1.4210854715202004e-14
0.0
4.440892098500626e-16
6.661338147750939e-16
55.808266248967875
1.0
40.0
1.0
-0.0
-0.0
-0.0
-0.0
-0.0
-0.0
-0.0
-0.0
-0.0
-0.0
-0.0
-0.0
-0.0
-0.0
-0.0
-0.0
-0.0
-0.0
-0.0
-0.0
25.49173375103164
1.0
-0.0
-0.0
-0.0
-0.0
-0.0
-0.0
-0.0
-0.0
-0.0
-0.0
-0.0
-0.0
-0.0
-0.0
-0.0
-0.0
30.0
1.0
5.0
1.0
-0.0
-0.0
-0.0
-0.0
-0.0
-0.0
40.0
1.0
-0.0
-0.0
-0.0
-0.0
-0.0
-0.0
0.0
-0.04132231404958677
-0.01633085356298333
-0.044447106143495445
-0.047974104970866946
-0.05193810941108513
-0.054625895892147114
-0.07059357565565223
-0.06594792404804643
-0.06734890551174257
-0.06594792404804643
-0.06522606669755582
-0.012557195311126812
-0.06644809713864838
-0.06645725874663726
-0.06781557982773109
-0.06956659201653362
-0.06860316555764856
-0.07095330600593516
-0.06876653456091053
-0.07646148599182133
-0.06247691338247089
-0.06477213965620957
-0.0636348261791482
-0.06260929128630695
-0.06293986979870364
-0.060086598034134145
-0.06268353628319029
-0.06053287902586969
-0.0606837054721507
-0.0
40.0
15.808266248967863
-40.0
9.07439624071076
16.097334029498008
30.82826972979121
-15.808266248967863
13.608266248967862
-9.07439624071076
-13.608266248967864
3.6256455815134068
10.057016908165222
-16.09733402949801
16.09733402949801
-30.82826972979121
-3.6256455815134068
3.9026659705019955
9.029245662370487
0.678075028428927
10.44235543780549
10.40157321219779
-16.097334029497997
-3.902665970502003
-9.029245662370492
-22.970754337629508
-0.678075028428927
0.6780750284289273
0.0
-10.44235543780549
-0.6780750284289269
3.2200808049566167
6.175192138175686
13.231466857074368
-16.50630933397244
0.0
-10.057016908165222
-25.49173375103164
7.097552801865574
4.1712786622879
11.27991919504339
25.49173375103164
-7.097552801865555
0.0975528018655562
-4.1712786622879
-0.0975528018655257
11.424807861824245
-8.155976397670049
-11.27991919504338
6.779919195043381
-3.2200808049566167
-6.779919195043382
-11.424807861824284
6.824807861824286
-6.824807861824244
-3.1751921381757566
-6.175192138175752
3.1751921381757526
-13.231466857074382
-6.768533142925615
16.50630933397244
6.768533142925617
6.725157523101952
8.155976397670036
-7.155976397670036
-6.725157523101864
7.1559763976700035
-9.43081887456814
9.430818874568047
4.0
-13.430818874568043
-4.0
13.430818874568077
12.569181125431703
4.752000000000157
9.248000000000271
-10.401573212197793
22.97075433762948
-12.569181125431689
-4.7520000000000335
1.7520000000000349
-9.247999999999966
-1.752000000000035
0.0
-1.2434497875801753e-14
0.0
-2.1316282072803006e-14
0.0
5.329070518200751e-15
0.0
7.460698725481052e-14
0.0
0.0
3.3306690738754696e-16
-1.8474111129762605e-13
0.0
3.552713678800501e-15
0.0
0.0
1.4988010832439613e-15
7.709388682997087e-13
8.881784197001252e-16
1.7763568394002505e-15
8.881784197001252e-16
-4.440892098500626e-16
8.881784197001252e-16
2.6645352591003757e-15
0.0
7.993605777301127e-15
0.0
0.0
0.0
3.552713678800501e-15
0.0
0.0
2.0605739337042905e-13
-1.7763568394002505e-15
1.3322676295501878e-15
-6.661338147750939e-16